00100011101111011111111111010000 23bdffd0 599654352
00100000000010000000000011111111 200800ff 537395455
00000000000010000100101000000000 00084a00 543232
00000000000010000101010000000000 00085400 545792
00100000000010110000000001111111 200b007f 537591935
00000000000010110110001000000000 000b6200 745984
00000000000010110110110000000000 000b6c00 748544
10101111101010100000000000000000 afaa0000 -1347813376
00000001010011001100000000100000 014cc020 21807136
10101111101110000000000000000100 afb80004 -1346895868
00000001010010011100000000100000 0149c020 21610528
10101111101110000000000000001000 afb80008 -1346895864
00000001101010011100000000100000 01a9c020 27901984
10101111101110000000000000001100 afb8000c -1346895860
10101111101010010000000000010000 afa90010 -1347878896
00000001011010011100000000100000 0169c020 23707680
10101111101110000000000000010100 afb80014 -1346895852
00000001000010011100000000100000 0109c020 17416224
10101111101110000000000000011000 afb80018 -1346895848
00000001000011001100000000100000 010cc020 17612832
10101111101110000000000000011100 afb8001c -1346895844
10101111101010000000000000100000 afa80020 -1347944416
00000001000011011100000000100000 010dc020 17678368
10101111101110000000000000100100 afb80024 -1346895836
00000001000010101100000000100000 010ac020 17481760
10101111101110000000000000101000 afb80028 -1346895832
00000001011010101100000000100000 016ac020 23773216
10101111101110000000000000101100 afb8002c -1346895828
00100000000100000000000010000000 20100080 537919616
00100000000100010000000001111110 2011007e 537985150
00100000000100100000000001000000 20120040 538050624
00100000000100110000000000111111 2013003f 538116159
00100000000101000000000000000001 20140001 538181633
00100000000101010000000000000000 20150000 538247168
00000010000100010000000000011000 02110018 34668568
00000000000000000100000000010010 00004012 16402
00000000000010000100000010000000 00084080 540800
00000000000010000010000000100000 00082020 532512
00100000000000100000000000001001 20020009 537001993
00000000000000001101000000001100 0000d00c 53260
00000000010000001011000000100000 0040b020 4239392
00100000000101110000000000000000 20170000 538378240
00100000000110000000000001100001 20180061 538443873
10001100000010001111111100010000 8c08ff10 -1945567472
00010001000000000000000000000100 11000004 285212676
00100000000000100000000000001100 2002000c 537001996
00000000000000001101000000001100 0000d00c 53260
00000000010000000111100000100000 00407820 4225056
10101100000000001111111100010000 ac00ff10 -1409220848
00100000000010010000000001100001 20090061 537460833
00010101111010010000000000000100 15e90004 367591428
00010010010000000000000000010101 12400015 306184213
00100000000101001111111111111111 2014ffff 538247167
00100000000101010000000000000000 20150000 538247168
00001000000000000000000001001001 08000049 134217801
00100000000010010000000001100100 20090064 537460836
00010101111010010000000000000100 15e90004 367591428
00010010010100000000000000001111 1250000f 307232783
00100000000101000000000000000001 20140001 538181633
00100000000101010000000000000000 20150000 538247168
00001000000000000000000001001001 08000049 134217801
00100000000010010000000001110011 20090073 537460851
00010101111010010000000000000100 15e90004 367591428
00010010011100010000000000001001 12710009 309395465
00100000000101000000000000000000 20140000 538181632
00100000000101010000000000000001 20150001 538247169
00001000000000000000000001001001 08000049 134217801
00100000000010010000000001110111 20090077 537460855
00010101111010010000000000000100 15e90004 367591428
00010010011000000000000000000011 12600003 308281347
00100000000101000000000000000000 20140000 538181632
00100000000101011111111111111111 2015ffff 538312703
00001000000000000000000001001001 08000049 134217801
00000010010101001001000000100000 02549020 39096352
00000010011101011001100000100000 02759820 41261088
00000010011100000000000000011000 02700018 40894488
00000000000000000100000000010010 00004012 16402
00000001000100100100000000100000 01124020 17973280
00000000000010000100000010000000 00084080 540800
00000001000101100100000000100000 01164020 18235424
10001101000010010000000000000000 8d090000 -1928790016
00100000000010100000000000000001 200a0001 537526273
00010001001010100000000000010101 112a0015 287965205
10101101000010100000000000000000 ad0a0000 -1391853568
00000010010000000100000000101010 0240402a 37765162
00010101000000000000000000010010 15000012 352321554
00000010000100100100000000101010 0212402a 34750506
00010101000000000000000000010000 15000010 352321552
00000010011000000100000000101010 0260402a 39862314
00010101000000000000000000001110 1500000e 352321550
00000010001100110100000000101010 0233402a 36913194
00010101000000000000000000001100 1500000c 352321548
00100010111101110000000000000001 22f70001 586612737
00100000000010010000000000001100 2009000c 537460748
00000010111010010000000000011010 02e9001a 48824346
00000000000000001011100000010000 0000b810 47120
00000000000101110100100010000000 00174880 1525888
00000001001111010100100000100000 013d4820 20793376
10001101001010010000000000000000 8d290000 -1926692864
10101100000100101111111100100000 ac12ff20 -1408041184
10101100000100111111111100100100 ac13ff24 -1407975644
10101100000010011111111100101000 ac09ff28 -1408631000
10101100000000001111111100101100 ac00ff2c -1409220820
00001000000000000000000000101011 0800002b 134217771
00100000000000100000000000001011 2002000b 537001995
00100000000001000000000001011001 20040059 537133145
00000000000000001101000000001100 0000d00c 53260
00100000000001000000000001001111 2004004f 537133135
00000000000000001101000000001100 0000d00c 53260
00100000000001000000000001010101 20040055 537133141
00000000000000001101000000001100 0000d00c 53260
00100000000001000000000000100000 20040020 537133088
00000000000000001101000000001100 0000d00c 53260
00100000000001000000000001001100 2004004c 537133132
00000000000000001101000000001100 0000d00c 53260
00100000000001000000000001001111 2004004f 537133135
00000000000000001101000000001100 0000d00c 53260
00100000000001000000000001010011 20040053 537133139
00000000000000001101000000001100 0000d00c 53260
00100000000001000000000001000101 20040045 537133125
00000000000000001101000000001100 0000d00c 53260
00100000000001000000000000100000 20040020 537133088
00000000000000001101000000001100 0000d00c 53260
00100000000001000000000000111100 2004003c 537133116
00000000000000001101000000001100 0000d00c 53260
00100000000001000000000000110011 20040033 537133107
00000000000000001101000000001100 0000d00c 53260
00100000000000100000000000001010 2002000a 537001994
00000000000000001101000000001100 0000d00c 53260
