00010000010000000000000000001101 1040000d 272629773
00100000000110110000000000000001 201b0001 538640385
00010000010110110000000000010000 105b0010 274399248
00100000000110110000000000000101 201b0005 538640389
00010000010110110000000000110101 105b0035 274399285
00100000000110110000000000001001 201b0009 538640393
00010000010110110000000001010100 105b0054 274399316
00100000000110110000000000001010 201b000a 538640394
00010000010110110000000001010111 105b0057 274399319
00100000000110110000000000001011 201b000b 538640395
00010000010110110000000001010110 105b0056 274399318
00100000000110110000000000001100 201b000c 538640396
00010000010110110000000001010111 105b0057 274399319
00001000000000000000000001100000 08000060 134217824
00100000000111011111000000000000 201df000 538832896
00100000000110110000000000000000 201b0000 538640384
00100000000010001111000000000100 2008f004 537456644
10101101000110110000000000000000 ad1b0000 -1390739456
00001000000000000000000001110011 08000073 134217843
00000000100000000100000000100000 00804020 8405024
00010001000000000000000000100001 11000021 285212705
00000001000000000100100000101010 0100482a 16795690
00010101001000000000000000011010 1520001a 354418714
00100011101111011111111111011000 23bdffd8 599654360
00000011101000000110100000100000 03a06820 60844064
00000000000000000111000000100000 00007020 28704
00010001000000000000000000001001 11000009 285212681
00100000000011110000000000001010 200f000a 537853962
00000001000011110000000000011010 010f001a 17760282
00000000000000001100000000010000 0000c010 49168
00000000000000000100000000010010 00004012 16402
00100011000110000000000000110000 23180030 588775472
10101101101110000000000000000000 adb80000 -1380450304
00100001101011010000000000000100 21ad0004 564985860
00100001110011100000000000000001 21ce0001 567148545
00001000000000000000000000011010 0800001a 134217754
00100001000110000000000000110000 21180030 555221040
10101101101110000000000000000000 adb80000 -1380450304
00100001101011010000000000000100 21ad0004 564985860
00100001110011100000000000000001 21ce0001 567148545
00010001110000000000000000000110 11c00006 297795590
00100001101011011111111111111100 21adfffc 565051388
10001101101110000000000000000000 8db80000 -1917321216
00100000000010111111111100000000 200bff00 537657088
10101101011110000000000000000000 ad780000 -1384644608
00100001110011101111111111111111 21ceffff 567214079
00001000000000000000000000101000 08000028 134217768
00100011101111010000000000101000 23bd0028 599588904
00000011010000000000000000001000 03400008 54525960
00100000000011000000000000101101 200c002d 537657389
00100000000010111111111100000000 200bff00 537657088
10101101011011000000000000000000 ad6c0000 -1385431040
00000000000010000100000000100010 00084022 540706
00001000000000000000000000010111 08000017 134217751
00100000000010100000000000110000 200a0030 537526320
00100000000010111111111100000000 200bff00 537657088
10101101011010100000000000000000 ad6a0000 -1385562112
00000011010000000000000000001000 03400008 54525960
00000000000000000001000000100000 00001020 4128
00100000000010010000000000000001 20090001 537460737
00100000000010101111111100010100 200aff14 537591572
10001101010010110000000000000000 8d4b0000 -1924464640
00010001011000001111111111111110 1160fffe 291569662
00100000000010101111111100010000 200aff10 537591568
10001101010011010000000000000000 8d4d0000 -1924333568
00100000000010110000000000001010 200b000a 537591818
00010001101010110000000000010011 11ab0013 296419347
00100000000010110000000000101101 200b002d 537591853
00010001101010110000000000001101 11ab000d 296419341
00100000000010110000000000110000 200b0030 537591856
00000001101010110110000000101010 01ab602a 28008490
00010101100000001111111111110100 1580fff4 360775668
00100000000010110000000000111001 200b0039 537591865
00000001011011010110000000101010 016d602a 23945258
00010101100000001111111111110001 1580fff1 360775665
00100001101011011111111111010000 21adffd0 565051344
00000000010000000111100000100000 00407820 4225056
00000000000000100001000011000000 000210c0 135360
00000000000011111100000001000000 000fc040 1032256
00000000010110000001000000100000 00581020 5771296
00000000010011010001000000100000 004d1020 5050400
00001000000000000000000000111100 0800003c 134217788
00010000010000000000000000000001 10400001 272629761
00001000000000000000000000111100 0800003c 134217788
00100000000010011111111111111111 2009ffff 537526271
00001000000000000000000000111100 0800003c 134217788
00100000000010111111111111111111 200bffff 537657343
00010001001010110000000000000001 112b0001 288030721
00000011010000000000000000001000 03400008 54525960
00000000000000100001000000100010 00021022 135202
00000011010000000000000000001000 03400008 54525960
00100000000010001111000000000100 2008f004 537456644
10001101000000100000000000000000 8d020000 -1929248768
00000000010001000100100000100000 00444820 4474912
10101101000010010000000000000000 ad090000 -1391919104
00000011010000000000000000001000 03400008 54525960
00001000000000000000000001100000 08000060 134217824
00100000000010001111111100000000 2008ff00 537460480
10101101000001000000000000000000 ad040000 -1392246784
00000011010000000000000000001000 03400008 54525960
00100000000010001111111100010000 2008ff10 537460496
00100000000010011111111100010100 2009ff14 537526036
10001101000010100000000000000000 8d0a0000 -1928724480
00010001010000001111111111111110 1140fffe 289472510
10001101001000100000000000000000 8d220000 -1927151616
00000011010000000000000000001000 03400008 54525960
00100000000010001111111110000000 2008ff80 537460608
00100000000010010000000000010000 20090010 537460752
00000001000010100100000000100000 010a4020 17448992
00100000000010010000000000000100 20090004 537460740
00000001000010100100000000100000 010a4020 17448992
10101101000001100000000000000000 ad060000 -1392115712
00000011010000000000000000001000 03400008 54525960
00100000000001000000000000000001 20040001 537133057
00100000000001010000000000000000 20050000 537198592
00100000000001100000000011111111 200600ff 537264383
00001100000000000000000000000000 0c000000 201326592
00100000000001000000000000000010 20040002 537133058
00100000000001010000000000000000 20050000 537198592
00100000000001100000000000000000 20060000 537264128
00001100000000000000000000000000 0c000000 201326592
00100000000001000000000000000001 20040001 537133057
00100000000001010000000000000001 20050001 537198593
00100000000001100000000010110100 200600b4 537264308
00001100000000000000000000000000 0c000000 201326592
00100000000001000000000000000010 20040002 537133058
00100000000001010000000000000001 20050001 537198593
00100000000001100000000000000001 20060001 537264129
00001100000000000000000000000000 0c000000 201326592
00100000000001000000000000000001 20040001 537133057
00100000000001010000000000000010 20050002 537198594
00100000000001100000000010000000 20060080 537264256
00001100000000000000000000000000 0c000000 201326592
00100000000001000000000000000010 20040002 537133058
00100000000001010000000000000010 20050002 537198594
00100000000001100000000000000011 20060003 537264131
00001100000000000000000000000000 0c000000 201326592
00100000000001000000000000000000 20040000 537133056
00100000000001010000000000000000 20050000 537198592
00100000000001100000001010010011 20060293 537264787
00001100000000000000000000000000 0c000000 201326592
00100000000001000000000000000011 20040003 537133059
00100000000001010000000000000000 20050000 537198592
00100000000001100000000000000001 20060001 537264129
00001100000000000000000000000000 0c000000 201326592
00111100000000010000000000000001 3c010001 1006698497
00110100001000011000011010100000 342186a0 874612384
00000000000000010100000000100000 00014020 81952
00100001000010001111111111111111 2108ffff 554237951
00010101000000001111111111111110 1500fffe 352387070
00111100000000010000000000000001 3c010001 1006698497
00110100001000011000011010100000 342186a0 874612384
00000000000000010100000000100000 00014020 81952
00100001000010001111111111111111 2108ffff 554237951
00010101000000001111111111111110 1500fffe 352387070
00100000000001000000000000000011 20040003 537133059
00100000000001010000000000000000 20050000 537198592
00100000000001100000000000000000 20060000 537264128
00001100000000000000000000000000 0c000000 201326592
00100000000010001100001101010000 2008c350 537445200
00100001000010001111111111111111 2108ffff 554237951
00010101000000001111111111111110 1500fffe 352387070
00100000000001000000000000000011 20040003 537133059
00100000000001010000000000000000 20050000 537198592
00100000000001100000000000000001 20060001 537264129
00001100000000000000000000000000 0c000000 201326592
00111100000000010000000000000001 3c010001 1006698497
00110100001000011000011010100000 342186a0 874612384
00000000000000010100000000100000 00014020 81952
00100001000010001111111111111111 2108ffff 554237951
00010101000000001111111111111110 1500fffe 352387070
00100000000001000000000000000000 20040000 537133056
00100000000001010000000000000000 20050000 537198592
00100000000001100000001000001011 2006020b 537264651
00001100000000000000000000000000 0c000000 201326592
00111100000000010000000000000001 3c010001 1006698497
00110100001000011000011010100000 342186a0 874612384
00000000000000010100000000100000 00014020 81952
00100001000010001111111111111111 2108ffff 554237951
00010101000000001111111111111110 1500fffe 352387070
00100000000001000000000000000000 20040000 537133056
00100000000001010000000000000000 20050000 537198592
00100000000001100000001010010011 20060293 537264787
00001100000000000000000000000000 0c000000 201326592
00111100000000010000000000000001 3c010001 1006698497
00110100001000011000011010100000 342186a0 874612384
00000000000000010100000000100000 00014020 81952
00100001000010001111111111111111 2108ffff 554237951
00010101000000001111111111111110 1500fffe 352387070
00100000000001000000000000000000 20040000 537133056
00100000000001010000000000000000 20050000 537198592
00100000000001100000001100010000 20060310 537264912
00001100000000000000000000000000 0c000000 201326592
00100000000001000000000000000000 20040000 537133056
00100000000001010000000000000001 20050001 537198593
00100000000001100000000110001000 20060188 537264520
00001100000000000000000000000000 0c000000 201326592
00100000000001000000000000000011 20040003 537133059
00100000000001010000000000000001 20050001 537198593
00100000000001100000000000000001 20060001 537264129
00001100000000000000000000000000 0c000000 201326592
00100000000001000000000000000000 20040000 537133056
00100000000001010000000000000010 20050002 537198594
00100000000001100000000001100100 20060064 537264228
00001100000000000000000000000000 0c000000 201326592
00100000000001000000000000000011 20040003 537133059
00100000000001010000000000000010 20050002 537198594
00100000000001100000000000000001 20060001 537264129
00001100000000000000000000000000 0c000000 201326592
00111100000000010000000000000011 3c010003 1006698499
00110100001000010000110101000000 34210d40 874581312
00000000000000010100000000100000 00014020 81952
00100001000010001111111111111111 2108ffff 554237951
00010101000000001111111111111110 1500fffe 352387070
00100000000001000000000000000011 20040003 537133059
00100000000001010000000000000000 20050000 537198592
00100000000001100000000000000000 20060000 537264128
00001100000000000000000000000000 0c000000 201326592
00100000000001000000000000000011 20040003 537133059
00100000000001010000000000000001 20050001 537198593
00100000000001100000000000000000 20060000 537264128
00001100000000000000000000000000 0c000000 201326592
00100000000001000000000000000011 20040003 537133059
00100000000001010000000000000010 20050002 537198594
00100000000001100000000000000000 20060000 537264128
00001100000000000000000000000000 0c000000 201326592
00001000000000000000000011011000 080000d8 134217944
